version https://git-lfs.github.com/spec/v1
oid sha256:27f899aedc7728f2bcee24d7ea8f04cf1a0449dd5831fdd7853aecb153864606
size 810378
